21
21
21
21
21
21
21
21
21
21
21
21
21
21
21
21
21
21
21
21
21
21
21
21
21
21
21
21
21
21
21
21
21
21
21
21
21
21
21
21
21
21
21
21
21
21
21
21
21
21
21
21
21
21
21
21
21
21
21
21
21
21
21
21
21
21
21
21
21
21
21
21
21
21
21
21
21
21
21
21
21
21
21
21
21
21
21
21
21
21
21
21
21
21
21
21
21
21
21
21
21
21
21
21
21
21
21
21
21
21
21
21
21
21
21
21
21
21
21
21
21
21
21
21
21
21
21
21
21
21
21
21
21
21
21
21
21
21
21
21
21
21
21
21
21
21
21
21
21
21
21
21
21
21
21
21
21
21
21
21
21
21
21
21
21
21
21
21
21
21
21
21
21
21
21
21
21
21
21
21
21
21
21
21
21
21
21
21
21
21
21
21
21
21
21
21
21
21
21
21
21
21
21
21
23
25
26
29
32
36
41
47
53
59
65
70
74
78
81
83
85
87
87
88
89
90
91
94
96
99
103
107
111
115
119
122
125
125
127
130
131
131
131
131
132
133
133
135
136
138
141
143
146
149
150
153
154
155
157
157
157
157
158
158
159
159
161
161
163
165
166
167
169
171
171
173
173
174
174
175
175
175
175
175
175
175
176
176
177
177
179
179
181
182
183
184
185
185
185
185
185
185
185
185
185
185
185
185
185
185
185
185
185
185
185
185
185
185
185
185
185
185
185
185
185
185
185
185
185
185
185
185
185
185
185
185
185
185
185
185
185
185
185
185
185
185
185
185
185
185
185
185
185
185
185
185
185
185
185
185
185
185
185
185
185
185
185
185
185
185
185
185
185
185
185
185
185
185
185
185
185
185
185
185
185
185
185
185
185
185
185
185
185
185
185
185
185
185
185
185
185
185
185
184
183
182
180
178
175
171
167
161
155
149
143
138
134
129
126
123
122
120
119
118
118
117
115
114
111
108
105
101
97
93
89
86
84
82
80
80
77
77
77
76
76
75
75
73
72
70
67
65
62
60
57
56
53
52
52
51
51
51
51
50
50
50
50
49
49
48
46
45
44
42
40
38
37
36
35
34
34
33
33
33
33
33
33
33
33
33
32
32
31
30
29
28
26
25
24
23
22
22
21
21
21
21
21
21
21
21
21
21
21
21
21
21
21
21
21
21
21
21
21
21
21
21
21
21
21
21
21
21
21
21
21
21
21
21
21
21
21
21
21
21
21
21
21
21
21
21
21
21
21
21
21
21
21
21
21
21
21
21
21
21
21
21
21
21
21
21
21
21
21
21
21
21
21
21
21
21
21
21
21
21
21
21
21
21
21
21
21
21
21
21
21
21
21
21
21
21
21
21
21
21
24
25
26
29
33
37
42
48
54
60
66
71
75
79
82
84
86
87
89
89
90
91
93
95
99
102
106
110
114
118
121
124
126
128
130
131
131
131
131
132
133
133
135
137
138
141
143
146
148
150
153
153
155
156
157
157
158
158
159
159
159
161
161
163
164
165
167
169
170
172
173
174
175
175
175
175
176
176
177
177
177
178
178
179
179
180
181
181
182
183
183
183
184
184
184
185
185
185
185
185
185
185
185
185
185
185
185
185
185
185
185
185
185
185
185
185
185
185
185
185
185
185
185
185
185
185
185
185
185
185
185
185
185
185
185
185
185
185
185
185
185
185
185
185
185
185
185
185
185
185
185
185
185
185
185
185
185
185
185
185
185
185
185
185
185
185
185
185
185
185
185
185
185
185
185
185
185
185
185
185
185
185
185
185
185
185
185
185
185
185
185
185
185
185
185
185
185
185
185
184
183
181
180
177
175
171
166
161
155
149
143
138
134
129
126
123
121
120
120
117
117
116
114
113
111
108
104
100
97
93
89
86
84
82
80
80
77
77
76
76
76
75
75
73
72
70
67
65
62
60
57
56
53
52
52
51
51
51
50
50
50
50
49
49
48
47
46
44
42
41
40
38
37
36
35
34
34
34
33
33
33
33
33
32
32
32
32
32
31
30
29
28
26
25
23
22
21
21
21
21
21
21
21
21
21
21
21
21
21
21
21
21
21
21
21
21
21
21
21
21
21
21
21
21
21
21
21
21
21
21
21
21
21
21
21
21
21
21
21
21
21
21
21
21
21
21
21
21
21
21
21
21
21
21
21
21
21
21
21
21
21
21
21
21
21
21
21
21
21
21
21
21
21
21
21
21
21
21
21
21
21
21
21
21
21
21
21
21
21
21
21
21
21
21
21
21
21
21
21
21
23
25
26
29
33
37
43
49
55
61
67
71
76
79
82
83
85
87
87
88
89
90
92
95
98
102
105
110
113
117
120
123
125
126
128
130
131
131
131
131
131
133
133
135
137
139
142
145
147
150
153
154
156
157
157
158
158
159
159
159
159
161
161
162
163
164
165
167
168
169
171
171
173
173
174
174
175
175
175
175
175
175
175
176
177
177
179
179
181
181
183
183
185
185
185
185
185
185
185
185
185
185
185
185
185
185
185
185
185
185
185
185
185
185
185
185
185
185
185
185
185
185
185
185
185
185
185
185
185
185
185
185
185
185
185
185
185
185
185
185
185
185
185
185
185
185
185
185
185
185
185
185
185
185
185
185
185
185
185
185
185
185
185
185
185
185
185
185
185
185
185
185
185
185
185
185
185
185
185
185
185
185
185
185
185
185
185
185
185
185
185
185
185
185
185
185
185
185
185
185
183
181
180
177
175
171
166
161
155
149
143
138
133
129
125
123
121
120
120
117
117
116
114
113
110
108
104
100
96
92
89
86
84
81
80
78
77
76
76
76
76
75
74
73
71
69
66
64
61
59
57
56
54
53
52
51
51
51
51
50
50
50
50
49
48
47
46
45
43
42
40
39
38
37
36
36
35
35
35
34
34
34
33
33
32
32
31
30
30
29
28
27
27
26
26
26
26
26
26
26
26
26
26
26
26
26
26
26
26
26
26
26
26
26
26
26
26
26
26
26
26
26
26
26
26
26
26
26
26
26
26
26
26
26
26
26
26
26
26
26
26
26
26
26
26
26
